# Number of Fractures
4
# FractureId; NumVertices
0; 4
# Vertices
0.0000000000000000e+00; 1.0000000000000000e+00; 1.0000000000000000e+00; 0.0000000000000000e+00
0.0000000000000000e+00; 0.0000000000000000e+00; 1.0000000000000000e+00; 1.0000000000000000e+00
0.0000000000000000e+00; 0.0000000000000000e+00; 0.0000000000000000e+00; 0.0000000000000000e+00
# FractureId; NumVertices
1; 4
# Vertices
2.0000000000000000e+00; 0.0000000000000000e+00; 0.0000000000000000e+00; 2.0000000000000000e+00
0.5000000000000000e+00; 0.5000000000000000e+00; 0.5000000000000000e+00; 0.5000000000000000e+00
-1.0000000000000000e+00; -1.0000000000000000e+00; 1.0000000000000000e+00; 1.0000000000000000e+00
# FractureId; NumVertices
2; 4
# Vertices
1.6000000000000000e+00; 1.3000000000000000e+00; 1.3000000000000000e+00; 1.6000000000000000e+00
-1.0000000000000000e+00; -1.0000000000000000e+00; 1.0000000000000000e+00; 1.0000000000000000e+00
-0.4000000000000000e+00; -0.7000000000000000e+00; -0.7000000000000000e+00; -0.4000000000000000e+00
# FractureId; NumVertices
3; 4
# Vertices
1.0000000000000000e+00; 1.6000000000000000e+00; 2.0000000000000000e+00; 1.3000000000000000e+00
1.0000000000000000e+00; 1.0000000000000000e+00; 1.0000000000000000e+00; 1.0000000000000000e+00
0.0000000000000000e+00; -0.4000000000000000e+00; -1.0000000000000000e+00; -0.7000000000000000e+00
